BEAD         1       -2.715        2.602
BEAD         2        0.986        0.469
BEAD         3       -1.466        2.713
BEAD         4       -0.972        2.413
BEAD         5       -1.269        2.763
BEAD         6       -1.200        2.744
BEAD         7       -1.000       -0.742
BEAD         8       -1.039       -0.793
BEAD         9       -1.173       -0.707
BEAD        10       -1.026       -0.714
BEAD        11       -0.964       -0.943
BEAD        12       -1.012       -0.792
BEAD        13       -1.096       -0.754
BEAD        14       -1.111       -0.680
BEAD        15       -1.082       -0.802
BEAD        16       -1.106       -0.779
BEAD        17       -1.061       -0.873
BEAD        18       -0.912       -0.732
BEAD        19       -1.259       -0.316
BEAD        20       -2.097        0.340
BEAD        21       -0.864       -0.711
BEAD        22       -1.006       -0.737
BEAD        23       -2.376        1.296
BEAD        24       -1.166        1.131
BEAD        25       -2.480        2.358
BEAD        26       -0.952        2.313
BEAD        27       -1.813       -3.093
BEAD        28       -1.254       -0.998
BEAD        29       -0.978       -0.892
BEAD        30       -0.920       -0.908
BEAD        31       -0.964       -0.751
BEAD        32       -1.159       -0.797
BEAD        33       -1.117       -0.794
BEAD        34       -1.042       -0.852
BEAD        35       -0.981       -0.827
BEAD        36       -1.103       -0.806
BEAD        37       -1.365       -0.390
BEAD        38       -1.872       -0.480
BEAD        39        1.241        0.354
BEAD        40       -1.676        2.660
BEAD        41       -1.387        2.940
BEAD        42       -1.049       -0.706
BEAD        43       -1.229       -0.715
BEAD        44       -1.057       -0.774
BEAD        45       -1.184       -0.722
BEAD        46       -1.067       -0.812
BEAD        47       -1.077       -0.713
BEAD        48       -1.069       -0.836
BEAD        49       -1.078       -0.766
BEAD        50       -1.004       -0.947
BEAD        51       -1.073       -0.550
BEAD        52       -1.255       -0.576
BEAD        53       -1.111       -0.709
BEAD        54       -1.180       -0.620
BEAD        55       -1.117       -0.469
BEAD        56       -1.256       -0.225
BEAD        57       -2.148       -0.069
BEAD        58       -1.858       -0.486
BEAD         1       -2.707        2.607
BEAD         2        0.973        0.457
BEAD         3       -1.466        2.729
BEAD         4       -0.992        2.429
BEAD         5       -1.277        2.737
BEAD         6       -1.194        2.750
BEAD         7       -1.011       -0.732
BEAD         8       -1.016       -0.794
BEAD         9       -1.182       -0.694
BEAD        10       -1.016       -0.728
BEAD        11       -0.960       -0.948
BEAD        12       -1.015       -0.792
BEAD        13       -1.106       -0.776
BEAD        14       -1.113       -0.698
BEAD        15       -1.115       -0.784
BEAD        16       -1.094       -0.761
BEAD        17       -1.047       -0.897
BEAD        18       -0.935       -0.716
BEAD        19       -1.242       -0.335
BEAD        20       -2.065        0.357
BEAD        21       -0.845       -0.721
BEAD        22       -1.011       -0.745
BEAD        23       -2.388        1.298
BEAD        24       -1.166        1.131
BEAD        25       -2.503        2.388
BEAD        26       -0.972        2.310
BEAD        27       -1.815       -3.079
BEAD        28       -1.240       -0.980
BEAD        29       -0.990       -0.904
BEAD        30       -0.910       -0.893
BEAD        31       -0.982       -0.768
BEAD        32       -1.169       -0.810
BEAD        33       -1.141       -0.785
BEAD        34       -1.021       -0.843
BEAD        35       -0.983       -0.824
BEAD        36       -1.119       -0.806
BEAD        37       -1.351       -0.383
BEAD        38       -1.885       -0.478
BEAD        39        1.219        0.338
BEAD        40       -1.655        2.669
BEAD        41       -1.398        2.917
BEAD        42       -1.055       -0.697
BEAD        43       -1.209       -0.704
BEAD        44       -1.040       -0.757
BEAD        45       -1.235       -0.742
BEAD        46       -1.067       -0.804
BEAD        47       -1.073       -0.718
BEAD        48       -1.062       -0.820
BEAD        49       -1.070       -0.777
BEAD        50       -1.002       -0.955
BEAD        51       -1.094       -0.546
BEAD        52       -1.255       -0.587
BEAD        53       -1.106       -0.683
BEAD        54       -1.167       -0.632
BEAD        55       -1.132       -0.467
BEAD        56       -1.276       -0.235
BEAD        57       -2.180       -0.077
BEAD        58       -1.856       -0.489
