1.000	  -2.71358347       2.60532117    
2.000	  0.982479930      0.464456826    
3.000	  -1.46531165       2.72824860    
4.000	 -0.966568410       2.40509939    
5.000	  -1.26639509       2.77782297    
6.000	  -1.20838630       2.75105667    
7.000	 -0.989845634     -0.732040167    
8.000	  -1.07854342     -0.800796151    
9.000	  -1.15909481     -0.697566509    
10.000	  -1.04865980     -0.730819046    
11.000	 -0.984921515     -0.930424929    
12.000	 -0.991870522     -0.804464579    
13.000	  -1.10370088     -0.746584892    
14.000	  -1.09551859     -0.688709497    
15.000	  -1.07725263     -0.781237602    
16.000	  -1.09205008     -0.771986663    
17.000	  -1.06103134     -0.872626007    
18.000	 -0.921096563     -0.745491683    
19.000	  -1.25471008     -0.314347386    
20.000	  -2.08589530      0.355442256    
21.000	 -0.873446226     -0.709016204    
22.000	  -1.01142573     -0.736399651    
23.000	  -2.37575388       1.30303192    
24.000	  -1.18486917       1.13662529    
25.000	  -2.48428416       2.37112331    
26.000	 -0.933428466       2.30379748    
27.000	  -1.82142830      -3.09622455    
28.000	  -1.24844921      -1.00669277    
29.000	 -0.969199598     -0.893490791    
30.000	 -0.910481513     -0.907408714    
31.000	 -0.976828516     -0.751395941    
32.000	  -1.16538680     -0.806227207    
33.000	  -1.10325360     -0.798649490    
34.000	  -1.05171847     -0.845185935    
35.000	 -0.971669674     -0.822861493    
36.000	  -1.08910871     -0.790069222    
37.000	  -1.36131668     -0.388257504    
38.000	  -1.89148021     -0.479651690    
39.000	   1.25765777      0.379394412    
40.000	  -1.66541600       2.65717292    
41.000	  -1.37377667       2.93770933    
42.000	  -1.03010154     -0.700607240    
43.000	  -1.24819875     -0.724934042    
44.000	  -1.05539775     -0.768449128    
45.000	  -1.20048678     -0.720579863    
46.000	  -1.02261889     -0.796787083    
47.000	  -1.09137833     -0.719213247    
48.000	  -1.07188570     -0.827936113    
49.000	  -1.07195842     -0.757418036    
50.000	 -0.991994619     -0.942980170    
51.000	  -1.08546591     -0.528468013    
52.000	  -1.27235901     -0.574061394    
53.000	  -1.11998987     -0.717920959    
54.000	  -1.18039882     -0.628918707    
55.000	  -1.12221086     -0.465995014    
56.000	  -1.27009869     -0.220789671    
57.000	  -2.14516211      -6.49849549E-02
58.000	  -1.84774673     -0.491558284    
